0.6215205152900645 -1881.3293940164917 -1362.054531205658 -2457.572843033949
0.9727871535863611 -1881.550864700082 -1361.9054867104505 -2458.0375781051202
0.7754433346223553 -1880.998436693496 -1362.0414340646646 -2458.248910291502
0.4563855240826789 -1880.9465739512243 -1362.491125728193 -2457.2677902400637
0.14119097040521034 -1881.0873474062466 -1362.1077188526629 -2457.791133436896

-31.862461462958958 -34.87033992214518
-32.31580276228403 -34.703703215672064
-32.42309192500038 -34.82980721280859
-31.635433028833518 -35.3747406121682
