0.6215205152900645 -1881.3293945185726 -1362.0545317094152 -2457.572843526738
0.9727871535863611 -1881.5508652021629 -1361.9054872142078 -2458.037578597909
0.7754433346223553 -1880.9984371955768 -1362.041434568422 -2458.2489107842907
0.4563855240826789 -1880.9465744533052 -1362.4911262319504 -2457.2677907328525
0.14119097040521011 -1881.0873479083275 -1362.1077193564201 -2457.7911339296847

-31.862461462892195 -34.870339922142264
-32.315802762217295 -34.70370321566915
-32.423091924933644 -34.829807212805676
-31.635433028766755 -35.37474061216529
