0.6215205152900645 -1881.3293944627858 -1362.0545316534422 -2457.5728434719836
0.9727871535863611 -1881.550865146376 -1361.9054871582348 -2458.0375785431547
0.7754433346223553 -1880.99843713979 -1362.0414345124489 -2458.2489107295364
0.4563855240826789 -1880.9465743975184 -1362.4911261759773 -2457.267790678098
0.14119097040521011 -1881.0873478525407 -1362.1077193004471 -2457.7911338749304

-31.862461462899613 -34.87033992214259
-32.31580276222471 -34.70370321566948
-32.42309192494106 -34.829807212806
-31.635433028774173 -35.37474061216562
