0.6215205152900645 -1881.329394406999 -1362.0545315974691 -2457.572843417229
0.9727871535863611 -1881.5508650905892 -1361.9054871022618 -2458.0375784884
0.7754433346223553 -1880.9984370840032 -1362.0414344564758 -2458.2489106747817
0.4563855240826789 -1880.9465743417315 -1362.4911261200043 -2457.2677906233434
0.14119097040521014 -1881.0873477967539 -1362.107719244474 -2457.7911338201757

-31.86246146290703 -34.87033992214291
-32.31580276223213 -34.7037032156698
-32.42309192494848 -34.82980721280632
-31.63543302878159 -35.37474061216594
