0.6215205152900645 -1881.3293943512122 -1362.054531541496 -2457.5728433624745
0.9727871535863611 -1881.5508650348024 -1361.9054870462887 -2458.0375784336456
0.7754433346223553 -1880.9984370282164 -1362.0414344005028 -2458.2489106200273
0.4563855240826789 -1880.9465742859447 -1362.4911260640313 -2457.267790568589
0.1411909704052102 -1881.087347740967 -1362.107719188501 -2457.7911337654214

-31.862461462914453 -34.87033992214324
-32.31580276223954 -34.703703215670124
-32.42309192495589 -34.82980721280665
-31.635433028789013 -35.37474061216626
