0.6215205152900645 -1881.3293942954253 -1362.054531485523 -2457.5728433077206
0.9727871535863611 -1881.5508649790156 -1361.9054869903157 -2458.037578378892
0.7754433346223553 -1880.9984369724295 -1362.0414343445298 -2458.2489105652735
0.4563855240826789 -1880.946574230158 -1362.4911260080582 -2457.2677905138353
0.1411909704052102 -1881.0873476851802 -1362.107719132528 -2457.7911337106675

-31.86246146292187 -34.870339922143565
-32.31580276224695 -34.70370321567045
-32.4230919249633 -34.829807212806976
-31.63543302879643 -35.37474061216659
