0.6215205152900645 -1881.329394239639 -1362.0545314295503 -2457.5728432529663
0.9727871535863611 -1881.5508649232293 -1361.905486934343 -2458.0375783241375
0.7754433346223553 -1880.9984369166432 -1362.041434288557 -2458.248910510519
0.4563855240826789 -1880.9465741743716 -1362.4911259520854 -2457.267790459081
0.14119097040521023 -1881.087347629394 -1362.1077190765552 -2457.791133655913

-31.86246146292929 -34.870339922143884
-32.31580276225437 -34.70370321567077
-32.42309192497072 -34.829807212807296
-31.63543302880385 -35.37474061216691
