0.6215205152900645 -1881.329394183852 -1362.0545313735772 -2457.5728431982125
0.9727871535863611 -1881.5508648674422 -1361.9054868783699 -2458.0375782693836
0.7754433346223553 -1880.9984368608561 -1362.041434232584 -2458.2489104557653
0.4563855240826789 -1880.9465741185845 -1362.4911258961124 -2457.267790404327
0.14119097040521025 -1881.0873475736068 -1362.1077190205822 -2457.7911336011593

-31.862461462936707 -34.870339922144204
-32.31580276226179 -34.70370321567109
-32.42309192497814 -34.829807212807616
-31.635433028811267 -35.37474061216723
