0.6215205152900645 -1881.3293941280651 -1362.054531317604 -2457.5728431434577
0.9727871535863611 -1881.5508648116554 -1361.9054868223966 -2458.037578214629
0.7754433346223553 -1880.9984368050693 -1362.0414341766107 -2458.2489104010106
0.4563855240826789 -1880.9465740627977 -1362.4911258401391 -2457.2677903495724
0.14119097040521028 -1881.08734751782 -1362.107718964609 -2457.7911335464046

-31.862461462944125 -34.87033992214453
-32.3158027622692 -34.70370321567142
-32.42309192498555 -34.82980721280794
-31.635433028818685 -35.37474061216756
