0.6215205152900645 -1881.3293940722783 -1362.054531261631 -2457.572843088704
0.9727871535863611 -1881.5508647558686 -1361.9054867664236 -2458.037578159875
0.7754433346223553 -1880.9984367492825 -1362.0414341206376 -2458.2489103462567
0.4563855240826789 -1880.946574007011 -1362.4911257841661 -2457.2677902948185
0.1411909704052103 -1881.0873474620332 -1362.107718908636 -2457.7911334916507

-31.862461462951543 -34.87033992214486
-32.31580276227662 -34.703703215671744
-32.42309192499297 -34.82980721280827
-31.635433028826103 -35.374740612167884
